island.pars <- list(isl.r=5, isl.c=5, E.mean=20, E.sd=0, prod.mean=20, prod.sd=0, incComp=10, incComp.time=500)
pop.pars <- list(N.init=40, w.mean=0.5, w.CV=0.04)
move.pars <- list(m=0.5, move.fn='random')
pred.pars <- list(p=0.5, prP=0.2, predOpt=10, predEnd=300, pred.fn='none')
feed.pars <- list(st=0.3, feed.fn='even')
repro.pars <- list(f=2.285714, babybump=1, repro.fn='log')
nsims <- 50
MeanW.init <- 0.4952277
MeanW.pF <- 6.415255
VarW.pF <- 2.236807
MeanW.pR <- 6.521093
SumW.init <- 19.80911
SumW.pF <- 499.5566
SumW.pR <- 2813.235
N.init <- 40
N.pF <- 79.7
N.pR <- 437.48
