island.pars <- list(isl.r=5, isl.c=5, E.mean=20, E.sd=0, prod.mean=20, prod.sd=0, incComp=10, incComp.time=500)
pop.pars <- list(N.init=40, w.mean=0.5, w.CV=0.04)
move.pars <- list(m=0.5, move.fn='random')
pred.pars <- list(p=0.5, prP=0.2, predOpt=10, predEnd=300, pred.fn='none')
feed.pars <- list(st=0.3, feed.fn='outcompete')
repro.pars <- list(f=0.8571429, babybump=1, repro.fn='log')
nsims <- 50
MeanW.init <- 0.5012186
MeanW.pF <- 12.51965
VarW.pF <- 7.357049
MeanW.pR <- 12.62639
SumW.init <- 20.04874
SumW.pF <- 497.1669
SumW.pR <- 1603.763
N.init <- 40
N.pF <- 41.28
N.pR <- 131.18
