island.pars <- list(isl.r=5, isl.c=5, E.mean=20, E.sd=0, prod.mean=20, prod.sd=0, incComp=10, incComp.time=500)
pop.pars <- list(N.init=40, w.mean=0.5, w.CV=0.04)
move.pars <- list(m=0.5, move.fn='random')
pred.pars <- list(p=0.5, prP=0.2, predOpt=10, predEnd=300, pred.fn='none')
feed.pars <- list(st=0.3, feed.fn='even')
repro.pars <- list(f=2.642857, babybump=1, repro.fn='log')
nsims <- 50
MeanW.init <- 0.4986446
MeanW.pF <- 6.933996
VarW.pF <- 2.221754
MeanW.pR <- 7.041881
SumW.init <- 19.94578
SumW.pF <- 501.0023
SumW.pR <- 3278.007
N.init <- 40
N.pF <- 73.88
N.pR <- 471.44
