island.pars <- list(isl.r=5, isl.c=5, E.mean=20, E.sd=0, prod.mean=20, prod.sd=0, incComp=10, incComp.time=500)
pop.pars <- list(N.init=40, w.mean=0.5, w.CV=0.04)
move.pars <- list(m=0.5, move.fn='random')
pred.pars <- list(p=0.5, prP=0.2, predOpt=10, predEnd=300, pred.fn='none')
feed.pars <- list(st=0.3, feed.fn='proportional')
repro.pars <- list(f=2.642857, babybump=1, repro.fn='log')
nsims <- 50
MeanW.init <- 0.501969
MeanW.pF <- 1.634399
VarW.pF <- 0.1933964
MeanW.pR <- 1.684726
SumW.init <- 20.07876
SumW.pF <- 500.1179
SumW.pR <- 1805.954
N.init <- 40
N.pF <- 308.78
N.pR <- 1078.06
