island.pars <- list(isl.r=5, isl.c=5, E.mean=20, E.sd=0, prod.mean=20, prod.sd=0, incComp=10, incComp.time=500)
pop.pars <- list(N.init=40, w.mean=0.5, w.CV=0.04)
move.pars <- list(m=0.5, move.fn='random')
pred.pars <- list(p=0.5, prP=0.2, predOpt=10, predEnd=300, pred.fn='none')
feed.pars <- list(st=0.3, feed.fn='even')
repro.pars <- list(f=1.571429, babybump=1, repro.fn='log')
nsims <- 50
MeanW.init <- 0.4965325
MeanW.pF <- 6.623549
VarW.pF <- 2.501102
MeanW.pR <- 6.779895
SumW.init <- 19.8613
SumW.pF <- 498.0252
SumW.pR <- 2112.488
N.init <- 40
N.pF <- 76.72
N.pR <- 316.28
